accuracy: [0.27014681696891785, 0.375, 0.3405167758464813, 0.34375, 0.4001464545726776, 0.34375, 0.43707501888275146, 0.4375, 0.45907869935035706, 0.34375, 0.4787808954715729, 0.59375, 0.49213656783103943, 0.4375, 0.4972277581691742, 0.46875, 0.5092234015464783, 0.625, 0.511559784412384, 0.4375, 0.5202078223228455, 0.5, 0.5258569717407227, 0.625, 0.5299369096755981, 0.65625, 0.5335983633995056, 0.5625, 0.5357603430747986, 0.5625, 0.5424904823303223, 0.65625, 0.5462566018104553, 0.40625, 0.5466750264167786, 0.53125, 0.5486975908279419, 0.625, 0.5561251044273376, 0.4375, 0.5551835894584656, 0.6875, 0.5562645792961121, 0.46875, 0.5615650415420532, 0.65625, 0.5560204982757568, 0.40625, 0.5628552436828613, 0.625]
loss: [1.771450400352478, 1.568398356437683, 1.654421091079712, 1.5568821430206299, 1.529451847076416, 1.6915929317474365, 1.4533138275146484, 1.3603849411010742, 1.3990737199783325, 1.424522042274475, 1.3554030656814575, 1.1515437364578247, 1.3297443389892578, 1.4949264526367188, 1.3091020584106445, 1.484173059463501, 1.2853089570999146, 0.8500869274139404, 1.277603268623352, 1.6498932838439941, 1.2594914436340332, 1.5536127090454102, 1.2421849966049194, 0.9490274786949158, 1.2321733236312866, 0.9718294143676758, 1.2220603227615356, 1.2392468452453613, 1.2072374820709229, 1.2402653694152832, 1.2012699842453003, 0.9632797837257385, 1.1972755193710327, 1.3553884029388428, 1.1890532970428467, 1.2716834545135498, 1.1859835386276245, 1.2282229661941528, 1.17445969581604, 1.2450761795043945, 1.1716855764389038, 0.9097293019294739, 1.1639788150787354, 1.3878371715545654, 1.1591953039169312, 1.0957567691802979, 1.1632122993469238, 1.4918725490570068, 1.148462176322937, 0.9786461591720581]
val_accuracy: [0.2972935140132904, 0.2954799234867096, 0.4259207546710968, 0.423828125, 0.4553571343421936, 0.4626116156578064, 0.4801897406578064, 0.4792131781578064, 0.5255301594734192, 0.5198102593421936, 0.5343192219734192, 0.5350167155265808, 0.5414341688156128, 0.5425502061843872, 0.5467354655265808, 0.5474330186843872, 0.5518973469734192, 0.5495256781578064, 0.5583147406578064, 0.5573381781578064, 0.5626395344734192, 0.5604073405265808, 0.5691964030265808, 0.5673828125, 0.5573381781578064, 0.5595703125, 0.5758928656578064, 0.5764508843421936, 0.5746372938156128, 0.5749163031578064, 0.5786830186843872, 0.5810546875, 0.578125, 0.5784040093421936, 0.5788225531578064, 0.5802176594734192, 0.5817522406578064, 0.5796595811843872, 0.5816127061843872, 0.5767298936843872, 0.591796875, 0.5905413031578064, 0.5909598469734192, 0.5915178656578064, 0.5961216688156128, 0.5958426594734192, 0.5940290093421936, 0.5913783311843872, 0.5959821343421936, 0.5951451063156128]
val_loss: [1.688690423965454, 1.6891810894012451, 1.4828052520751953, 1.4919131994247437, 1.398480772972107, 1.3865785598754883, 1.334803819656372, 1.3436373472213745, 1.250075101852417, 1.2572481632232666, 1.2227102518081665, 1.2191336154937744, 1.1851307153701782, 1.187626838684082, 1.1871978044509888, 1.185439109802246, 1.1693713665008545, 1.1706440448760986, 1.1574277877807617, 1.159933090209961, 1.1436307430267334, 1.1453219652175903, 1.1279014348983765, 1.12912917137146, 1.1566649675369263, 1.1525983810424805, 1.1149938106536865, 1.1147195100784302, 1.1218098402023315, 1.120707392692566, 1.1137558221817017, 1.110762357711792, 1.1180801391601562, 1.1178910732269287, 1.1099835634231567, 1.1046478748321533, 1.1053262948989868, 1.110527753829956, 1.102009654045105, 1.1028932332992554, 1.0817205905914307, 1.0812526941299438, 1.0681216716766357, 1.0684767961502075, 1.0682928562164307, 1.0696078538894653, 1.0735050439834595, 1.0758843421936035, 1.082628607749939, 1.080664873123169]
